034000000024005300400105601200000041
060002030604500000400056002000000403
050002000004004100103200200060041520
000024300000010006020001000500005010
006000000506300640500030000300010000
002030005004000021600000000300013500
020003060100000630005000103006000010
640000000603002450005006134200200100
004102000600130000000060040000000210
024006060034500600601503203000000010
004300600040205004000500010000030002
610400000010051006000052002004400061
000005300060600003050000000150002400
200016300004000042060000005000043500
000005061040100250206010040001000620
106000000003000500053020000260010000
410000200060604100000300040010005004
000000100504430000002000600010040000
