0600340540000707040001200000002000300700620002600
0000051020076074000000003005006400015006030030070
0400500000017000000567053000500706030000020300400
0003060060001404005001070000302000003001050107003
1004005200610005000060000042001700060407200700230
5001007102000000000410040700000260002005146700000
0006000207100000470003000006002000547002300400300
0340000040060000000150032700700120000005300120300
0501300000500714000004020003004000100300600000612
0406030000075015600000003004400030200075006040000
0100600000030200310003050000700002400024560400030
0031070000000001076000452000200400050000040200106
